rows, columns, time to find success result, number of failures
5,5,0.0012390613555908203,19
5,5,0.003292560577392578,26
5,5,0.0012907981872558594,7
5,5,0.0011970996856689453,6
5,5,0.0007791519165039062,2
5,5,0.0015323162078857422,17
5,5,0.0033507347106933594,42
5,5,0.0007138252258300781,2
5,5,0.002239704132080078,24
5,5,0.0007848739624023438,3
5,5,0.0014464855194091797,16
5,5,0.0011508464813232422,7
5,5,0.0016264915466308594,13
5,5,0.0019044876098632812,18
5,5,0.001119375228881836,7
5,5,0.0007159709930419922,2
5,5,0.001065969467163086,7
5,5,0.0018503665924072266,19
5,5,0.0012867450714111328,11
5,5,0.0009152889251708984,5
5,5,0.002045869827270508,21
5,5,0.001859903335571289,19
5,5,0.0034623146057128906,30
5,5,0.001982450485229492,15
5,5,0.0012054443359375,9
5,5,0.0014383792877197266,11
5,5,0.0011429786682128906,6
5,5,0.0009739398956298828,7
5,5,0.0007469654083251953,1
5,5,0.0006368160247802734,1
5,5,0.001394510269165039,12
5,5,0.0014600753784179688,15
5,5,0.0020406246185302734,26
5,5,0.0013227462768554688,10
5,5,0.001443624496459961,13
5,5,0.0007524490356445312,2
5,5,0.001613616943359375,15
5,5,0.0007748603820800781,1
5,5,0.0008645057678222656,5
5,5,0.0029027462005615234,39
5,5,0.0010690689086914062,6
5,5,0.001373291015625,12
5,5,0.0011305809020996094,7
5,5,0.0007491111755371094,1
5,5,0.001336812973022461,11
5,5,0.0013966560363769531,9
5,5,0.0007843971252441406,3
5,5,0.0007181167602539062,1
5,5,0.00101470947265625,7
5,5,0.0006844997406005859,2
5,5,0.0013899803161621094,14
5,5,0.0006654262542724609,1
5,5,0.0013172626495361328,10
5,5,0.0009851455688476562,6
5,5,0.0006923675537109375,1
5,5,0.0013833045959472656,13
5,5,0.0017805099487304688,16
5,5,0.0012555122375488281,8
5,5,0.001485586166381836,12
5,5,0.0011448860168457031,9
5,5,0.0009107589721679688,3
5,5,0.0007948875427246094,3
5,5,0.0009255409240722656,5
5,5,0.0008196830749511719,2
5,5,0.0007331371307373047,1
5,5,0.0012028217315673828,9
5,5,0.00421452522277832,68
5,5,0.0008540153503417969,2
5,5,0.0012345314025878906,10
5,5,0.0013380050659179688,10
5,5,0.007238149642944336,7
5,5,0.0015919208526611328,13
5,5,0.0008647441864013672,4
5,5,0.0014719963073730469,15
5,5,0.0010771751403808594,6
5,5,0.006921291351318359,7
5,5,0.0008027553558349609,2
5,5,0.002302408218383789,28
5,5,0.0007274150848388672,1
5,5,0.0011861324310302734,10
5,5,0.0007007122039794922,1
5,5,0.0010955333709716797,9
5,5,0.0012183189392089844,8
5,5,0.0007219314575195312,1
5,5,0.0006682872772216797,1
5,5,0.0012707710266113281,13
5,5,0.0008790493011474609,4
5,5,0.002609729766845703,10
5,5,0.0012707710266113281,9
5,5,0.0008339881896972656,4
5,5,0.0008554458618164062,3
5,5,0.0007383823394775391,1
5,5,0.0008397102355957031,3
5,5,0.0006775856018066406,1
5,5,0.0008945465087890625,4
5,5,0.001538991928100586,13
5,5,0.0008056163787841797,1
5,5,0.0012242794036865234,13
5,5,0.0008063316345214844,3
5,5,0.002132892608642578,23
6,6,0.0009522438049316406,10
6,6,0.007252216339111328,96
6,6,0.0012443065643310547,6
6,6,0.001115560531616211,5
6,6,0.003421783447265625,35
6,6,0.0025930404663085938,27
6,6,0.0018253326416015625,14
6,6,0.0015459060668945312,11
6,6,0.0043489933013916016,49
6,6,0.0008289813995361328,2
6,6,0.002655029296875,29
6,6,0.0019073486328125,15
6,6,0.0014123916625976562,11
6,6,0.0012619495391845703,9
6,6,0.0031042098999023438,32
6,6,0.0010418891906738281,5
6,6,0.0020287036895751953,18
6,6,0.00481414794921875,63
6,6,0.004695892333984375,54
6,6,0.011733055114746094,170
6,6,0.004838705062866211,48
6,6,0.0008015632629394531,1
6,6,0.0016064643859863281,12
6,6,0.001474618911743164,13
6,6,0.0031325817108154297,32
6,6,0.009424448013305664,120
6,6,0.0013306140899658203,6
6,6,0.0014472007751464844,9
6,6,0.0025141239166259766,28
6,6,0.008247613906860352,112
6,6,0.003759622573852539,45
6,6,0.00083160400390625,1
6,6,0.003560781478881836,46
6,6,0.0038416385650634766,48
6,6,0.003979921340942383,52
6,6,0.001665353775024414,13
6,6,0.006069183349609375,77
6,6,0.00922846794128418,126
6,6,0.0015091896057128906,10
6,6,0.005133152008056641,63
6,6,0.0016150474548339844,9
6,6,0.0050106048583984375,64
6,6,0.0015668869018554688,11
6,6,0.0013697147369384766,9
6,6,0.0011401176452636719,6
6,6,0.005652427673339844,77
6,6,0.0024175643920898438,22
6,6,0.0008220672607421875,2
6,6,0.0064601898193359375,69
6,6,0.0010466575622558594,3
6,6,0.0013000965118408203,8
6,6,0.003493070602416992,41
6,6,0.0008292198181152344,2
6,6,0.002129793167114258,21
6,6,0.0018687248229980469,14
6,6,0.003120899200439453,39
6,6,0.0022308826446533203,19
6,6,0.00527191162109375,65
6,6,0.006585597991943359,73
6,6,0.0012209415435791016,8
6,6,0.010353326797485352,131
6,6,0.0010721683502197266,5
6,6,0.0008647441864013672,3
6,6,0.0010645389556884766,5
6,6,0.0008022785186767578,2
6,6,0.005169868469238281,60
6,6,0.0020995140075683594,18
6,6,0.0037598609924316406,43
6,6,0.0022873878479003906,21
6,6,0.00115203857421875,6
6,6,0.0014755725860595703,9
6,6,0.0032529830932617188,38
6,6,0.002805948257446289,29
6,6,0.0008566379547119141,2
6,6,0.008572101593017578,114
6,6,0.002155303955078125,15
6,6,0.0039517879486083984,45
6,6,0.0029249191284179688,29
6,6,0.011035919189453125,146
6,6,0.004044294357299805,43
6,6,0.0022957324981689453,24
6,6,0.005538225173950195,75
6,6,0.0019118785858154297,20
6,6,0.0035560131072998047,46
6,6,0.0021736621856689453,25
6,6,0.001975536346435547,21
6,6,0.006266355514526367,83
6,6,0.004011392593383789,51
6,6,0.006463527679443359,92
6,6,0.00457763671875,55
6,6,0.0024480819702148438,21
6,6,0.002079486846923828,17
6,6,0.012471675872802734,173
6,6,0.005515098571777344,56
6,6,0.0020270347595214844,16
6,6,0.010216474533081055,142
6,6,0.0020046234130859375,11
6,6,0.0010938644409179688,4
6,6,0.005734682083129883,68
6,6,0.0008003711700439453,1
7,7,0.011113643646240234,137
7,7,0.14592242240905762,1857
7,7,0.0880742073059082,952
7,7,0.061338186264038086,777
7,7,0.02225351333618164,256
7,7,0.0025489330291748047,15
7,7,0.02044677734375,244
7,7,0.004929065704345703,55
7,7,0.012398481369018555,138
7,7,0.0017876625061035156,8
7,7,0.00569462776184082,62
7,7,0.011865615844726562,140
7,7,0.0035157203674316406,33
7,7,0.008022546768188477,89
7,7,0.0012857913970947266,5
7,7,0.05964493751525879,723
7,7,0.002002716064453125,11
7,7,0.023157358169555664,271
7,7,0.1429142951965332,1789
7,7,0.05316781997680664,494
7,7,0.018964767456054688,234
7,7,0.1168980598449707,1443
7,7,0.10693144798278809,1315
7,7,0.005321025848388672,46
7,7,0.0012218952178955078,5
7,7,0.019948482513427734,246
7,7,0.0385282039642334,301
7,7,0.03966069221496582,412
7,7,0.025081872940063477,287
7,7,0.021922588348388672,267
7,7,0.023303985595703125,285
7,7,0.009463310241699219,111
7,7,0.013007879257202148,152
7,7,0.029881954193115234,372
7,7,0.003609895706176758,24
7,7,0.0020241737365722656,17
7,7,0.11544394493103027,1305
7,7,0.06603860855102539,838
7,7,0.0062236785888671875,67
7,7,0.03574061393737793,460
7,7,0.021070480346679688,253
7,7,0.057457685470581055,658
7,7,0.02258753776550293,209
7,7,0.018508195877075195,227
7,7,0.016045093536376953,186
7,7,0.05703139305114746,698
7,7,0.020169734954833984,234
7,7,0.006642580032348633,59
7,7,0.03470444679260254,404
7,7,0.0017499923706054688,7
7,7,0.07600092887878418,781
7,7,0.04013705253601074,500
7,7,0.0024619102478027344,19
7,7,0.019617557525634766,245
7,7,0.012293815612792969,147
7,7,0.01589512825012207,187
7,7,0.15645980834960938,1946
7,7,0.009585142135620117,99
7,7,0.009676218032836914,110
7,7,0.04157519340515137,515
7,7,0.049651145935058594,637
7,7,0.035408735275268555,434
7,7,0.08028721809387207,947
7,7,0.026155948638916016,293
7,7,0.026215314865112305,263
7,7,0.026489734649658203,208
7,7,0.02300882339477539,281
7,7,0.17085504531860352,1981
7,7,0.04925847053527832,455
7,7,0.033446311950683594,331
7,7,0.09305357933044434,1133
7,7,0.002166271209716797,13
7,7,0.0008814334869384766,2
7,7,0.046065568923950195,579
7,7,0.016747236251831055,117
7,7,0.1504805088043213,1828
7,7,0.04873394966125488,609
7,7,0.03978848457336426,502
7,7,0.004721641540527344,44
7,7,0.05204916000366211,632
7,7,0.030607223510742188,381
7,7,0.005768299102783203,62
7,7,0.068023681640625,864
7,7,0.031410932540893555,387
7,7,0.03677511215209961,456
7,7,0.016638755798339844,190
7,7,0.04726290702819824,531
7,7,0.007643699645996094,85
7,7,0.05549740791320801,534
7,7,0.010451078414916992,112
7,7,0.009941816329956055,115
7,7,0.15560150146484375,1746
7,7,0.011071443557739258,131
7,7,0.022834062576293945,214
7,7,0.025238513946533203,232
7,7,0.11315059661865234,1351
7,7,0.007317304611206055,80
7,7,0.006993770599365234,77
7,7,0.006742238998413086,74
7,7,0.0038123130798339844,34
8,8,0.41520261764526367,4294
8,8,0.011647224426269531,118
8,8,0.17553019523620605,1902
8,8,0.1262667179107666,1207
8,8,2.6594367027282715,25235
8,8,0.03565645217895508,315
8,8,1.2284090518951416,12533
8,8,0.37104034423828125,3716
8,8,0.07589864730834961,830
8,8,0.2898736000061035,2979
8,8,1.1811254024505615,11921
8,8,0.5123696327209473,5485
8,8,0.2218337059020996,2168
8,8,0.34328126907348633,3451
8,8,0.6702878475189209,6970
8,8,0.6921617984771729,7330
8,8,0.42475295066833496,4370
8,8,0.059148311614990234,640
8,8,1.7966365814208984,18572
8,8,0.36684727668762207,3597
8,8,0.13164615631103516,1353
8,8,1.7900867462158203,17855
8,8,0.20229697227478027,1981
8,8,0.4166109561920166,4034
8,8,0.45600152015686035,4942
8,8,0.26567959785461426,2850
8,8,0.3067820072174072,3196
8,8,0.0061223506927490234,51
8,8,0.17395329475402832,1910
8,8,2.023409366607666,20974
8,8,0.19497442245483398,1853
8,8,0.16314435005187988,1675
8,8,0.6148946285247803,6257
8,8,0.08940005302429199,929
8,8,0.2862212657928467,2868
8,8,0.2722442150115967,2733
8,8,0.23099064826965332,2282
8,8,0.8991451263427734,8915
8,8,0.12412452697753906,1355
8,8,0.5129504203796387,5297
8,8,0.9413836002349854,8125
8,8,0.5338704586029053,4634
8,8,0.47972607612609863,4249
8,8,0.0801539421081543,547
8,8,0.43312954902648926,3858
8,8,0.02321028709411621,158
8,8,0.4173877239227295,3356
8,8,0.7559874057769775,7284
8,8,0.05102992057800293,529
8,8,0.041471242904663086,442
8,8,0.019505739212036133,197
8,8,1.4876492023468018,14937
8,8,0.15369510650634766,1595
8,8,0.44179821014404297,4499
8,8,0.46840691566467285,4706
8,8,0.7444515228271484,7102
8,8,0.041654348373413086,422
8,8,0.5251944065093994,5083
8,8,0.005345344543457031,41
8,8,0.44342589378356934,4480
8,8,0.7336540222167969,7749
8,8,0.032178640365600586,333
8,8,1.4926607608795166,15160
8,8,0.3452792167663574,3466
8,8,0.7032859325408936,7201
8,8,0.410799503326416,4169
8,8,0.059166908264160156,618
8,8,0.821558952331543,7844
8,8,0.017249345779418945,162
8,8,0.7928392887115479,8005
8,8,0.39321374893188477,3981
8,8,0.08712911605834961,882
8,8,2.871469497680664,29275
8,8,0.15659379959106445,1492
8,8,0.49512553215026855,5159
8,8,0.5466461181640625,5500
8,8,0.45193934440612793,4669
8,8,0.10561871528625488,1153
8,8,0.4684567451477051,4737
8,8,0.9179949760437012,9510
8,8,0.16262102127075195,1673
8,8,1.2138707637786865,12201
8,8,0.4966151714324951,4962
8,8,0.7151656150817871,7378
8,8,0.33423876762390137,3370
8,8,1.2086422443389893,12484
8,8,0.5160994529724121,5185
8,8,0.0032401084899902344,10
8,8,1.2638623714447021,13475
8,8,0.4184250831604004,4265
8,8,0.547626256942749,5791
8,8,0.46519970893859863,4884
8,8,0.13886404037475586,1351
8,8,0.10819554328918457,1110
8,8,0.12008976936340332,1304
8,8,0.02227616310119629,232
8,8,0.19687676429748535,2106
8,8,0.20453190803527832,2052
8,8,0.07286190986633301,790
8,8,0.5826866626739502,6127
9,9,37.39551091194153,332453
9,9,0.551738977432251,4995
9,9,38.22823882102966,342590
9,9,1.6360042095184326,14873
9,9,0.6564843654632568,5980
9,9,10.106061220169067,88178
9,9,12.408724069595337,110246
9,9,7.698629856109619,70434
9,9,10.65027928352356,97988
9,9,3.7529027462005615,33587
9,9,30.67866325378418,273352
9,9,2.718646764755249,22724
9,9,1.051551342010498,9720
9,9,7.848073959350586,69616
9,9,7.376261472702026,66062
9,9,0.7628152370452881,6620
9,9,14.336347818374634,128969
9,9,10.978756666183472,99829
9,9,30.03646993637085,267963
9,9,8.174165725708008,74153
9,9,2.4225246906280518,22505
9,9,9.542102575302124,85713
9,9,9.044708490371704,82412
9,9,5.49760103225708,49852
9,9,4.673417568206787,41194
9,9,48.021992683410645,417386
9,9,4.468284606933594,41622
9,9,11.320430994033813,102411
9,9,17.20465898513794,152824
9,9,3.4964747428894043,31848
9,9,8.145456314086914,75856
9,9,8.735058069229126,78329
9,9,11.063596487045288,100922
9,9,6.74003005027771,60431
9,9,8.406995296478271,70141
9,9,19.874152898788452,180198
9,9,3.531435251235962,33181
9,9,19.711732149124146,179369
9,9,14.201510906219482,127035
9,9,25.9144127368927,230855
9,9,12.493699789047241,114135
9,9,22.628278732299805,202377
9,9,17.70108652114868,149797
9,9,5.284052848815918,47370
9,9,1.2706270217895508,11245
9,9,6.666072845458984,56882
9,9,6.14905571937561,55558
9,9,10.637911558151245,94541
9,9,10.283934116363525,89806
9,9,8.737061738967896,69886
9,9,8.700062990188599,72993
9,9,75.28236532211304,635188
9,9,34.496357917785645,281889
9,9,43.39366698265076,373014
9,9,24.425572395324707,208512
9,9,46.46919298171997,395733
9,9,17.305166244506836,135327
9,9,33.91854667663574,301856
9,9,1.8117351531982422,16757
9,9,32.493167877197266,281060
9,9,10.851299047470093,66087
9,9,15.841885328292847,142496
9,9,6.976184129714966,59813
9,9,9.342439413070679,79842
9,9,19.516353130340576,173538
9,9,6.175660848617554,54362
9,9,16.30581831932068,145554
9,9,6.745704889297485,57215
9,9,1.6054422855377197,12514
9,9,19.608792304992676,177224
9,9,21.871628999710083,190511
9,9,0.6736552715301514,6074
9,9,12.83014726638794,115442
9,9,29.555940866470337,259776
9,9,7.4412853717803955,65970
9,9,1.8511619567871094,16643
9,9,16.97962212562561,151848
9,9,0.7542054653167725,6623
9,9,15.905014753341675,130861
9,9,16.022254943847656,143357
9,9,14.936023712158203,134808
9,9,4.6678147315979,42267
9,9,28.087525844573975,249158
9,9,3.3355679512023926,29220
9,9,17.34632968902588,154545
9,9,11.88269305229187,106519
9,9,40.74549674987793,360031
9,9,3.7782623767852783,35127
9,9,31.143685579299927,270490
9,9,2.832418203353882,20355
9,9,10.953934669494629,94747
9,9,1.8195929527282715,16206
9,9,9.126410007476807,81127
9,9,26.50270938873291,228953
9,9,12.49952244758606,105346
9,9,26.592185974121094,235056
9,9,7.990077018737793,72534
9,9,10.293865442276001,88376
9,9,23.999944925308228,195354
9,9,31.231342792510986,270966
10,10,892.5915760993958,6924989
10,10,585.4309151172638,4466556
10,10,94.8656313419342,713822
10,10,217.77231216430664,1686664
10,10,135.66491031646729,1056308
10,10,328.06254625320435,2537706
10,10,55.06744050979614,434256
10,10,233.89396786689758,1823926
10,10,347.49701738357544,2624824
10,10,748.2189650535583,5774841
10,10,1419.2001388072968,10784657
10,10,432.3407702445984,3317937
10,10,1176.2712988853455,9066638
10,10,35.87646460533142,281444
10,10,652.5923464298248,5007359
10,10,412.74705815315247,3195578
10,10,52.66206669807434,360467
10,10,238.57461977005005,1841393
10,10,17.84904408454895,127556
10,10,63.51599144935608,474546
10,10,307.937566280365,2369046
10,10,806.5232548713684,6226219
10,10,378.30628728866577,2885347
10,10,346.46185541152954,2613988
10,10,611.8535187244415,4560289
10,10,35.865867376327515,282977
10,10,340.3817105293274,2630601
10,10,786.1363668441772,6085618
10,10,572.9033274650574,4439769
10,10,83.33260130882263,643031
10,10,1052.5740337371826,8202945
10,10,210.7628185749054,1525769
10,10,282.6076421737671,2180804
10,10,610.5122730731964,4852386
10,10,174.41876220703125,1403761
10,10,24.055908918380737,194939
10,10,606.3350987434387,4725342
10,10,327.61339378356934,2626719
10,10,437.4961488246918,3482031
10,10,1444.036387205124,11462002
10,10,1021.6568665504456,8057301
10,10,234.9696009159088,1878768
10,10,465.8036642074585,3671587
10,10,136.99362993240356,1079194
10,10,344.49162673950195,2718633
10,10,874.5681958198547,6813512
10,10,1384.5428586006165,11039055
10,10,527.0342953205109,4167200
10,10,450.4196882247925,3604636
10,10,778.1536946296692,6216895
10,10,1277.2200293540955,10182862
10,10,412.0132312774658,3309592
10,10,20.74429988861084,163352
10,10,394.8401074409485,3196884
10,10,336.16719675064087,2711732
10,10,327.1513650417328,2642307
10,10,129.8022575378418,1048962
10,10,853.4914131164551,6858843
10,10,456.91106128692627,3704714
10,10,110.23257756233215,868906
10,10,431.51974654197693,3508048
10,10,765.9933943748474,6131266
10,10,968.1085007190704,7776379
10,10,418.5949685573578,3338779
10,10,894.8713970184326,7096330
10,10,302.63614869117737,2430064
10,10,189.32464790344238,1549096
10,10,447.68599677085876,3610235
10,10,745.5719952583313,5987414
10,10,225.73363494873047,1779347
10,10,107.67612719535828,859446
10,10,231.894216299057,1839337
10,10,73.75277948379517,492686
10,10,289.60546875,2295771
10,10,575.614312171936,4587367
10,10,415.51917338371277,3300272
10,10,820.5394268035889,6515807
10,10,2041.7535755634308,16122525
10,10,757.89675116539,6039638
10,10,2.5935726165771484,21582
10,10,257.83563256263733,2046217
10,10,409.4977343082428,3230384
10,10,14.56873345375061,114687
10,10,878.519284248352,7013400
10,10,701.4179239273071,5553930
10,10,1200.3434693813324,9587307
10,10,351.69857358932495,2807195
10,10,329.21129298210144,2640447
10,10,244.78649473190308,1980295
10,10,17.933398962020874,141345
10,10,447.8917257785797,3572279
10,10,445.8624498844147,3513679
10,10,522.4075829982758,4178134
10,10,379.1157486438751,2973538
10,10,384.1011199951172,3100459
10,10,275.3194386959076,2217686
10,10,44.761831760406494,366791
10,10,97.25707077980042,781477
10,10,326.6060118675232,2493067
10,10,119.83525586128235,947511
